 trace_3_actual_optrot =    0.012610804009259 
 trace_3_actual_optrot =    0.011511605812819 
 trace_3_actual_optrot =    0.011447387465724 
 trace_3_actual_optrot =    0.010167503712025 
