 trace_3_actual_optrot =    0.012610804009259 
 trace_3_actual_optrot =    0.012012201592167 
 trace_3_actual_optrot =    0.012863650918615 
