 trace_3_actual_optrot =    0.012610804009259 
 trace_3_actual_optrot =    0.010901442327530 
