 trace_3_actual_optrot =    0.012610804009259 
 trace_3_actual_optrot =    0.012364663387758 
 trace_3_actual_optrot =    0.013307288223946 
