 trace_3_actual_optrot =    0.012610804009259 
 trace_3_actual_optrot =    0.012640705465100 
 trace_3_actual_optrot =    0.012191927611753 
 trace_3_actual_optrot =    0.012202624053301 
