 trace_3_actual_optrot =   -0.021324512417888 
 trace_3_actual_optrot =   -0.021405349924177 
 trace_3_actual_optrot =   -0.021419891769635 
